 1.00297758971948e+000    7.03903903903904e+001
 2.00595517943896e+000    7.10510510510510e+001
 2.99326124431907e+000    7.16516516516517e+001
 3.99623883403855e+000    7.23123123123123e+001
 4.99921642375803e+000    7.29729729729730e+001
 6.00219401347751e+000    7.35735735735736e+001
 7.00517160319699e+000    7.42342342342342e+001
 7.99247766807710e+000    7.49549549549550e+001
 8.99545525779658e+000    7.56156156156156e+001
 9.99843284751606e+000    7.62162162162162e+001
 1.10014104372355e+001    7.67567567567568e+001
 1.20043880269550e+001    7.74174174174174e+001
 1.30073656166745e+001    7.81981981981982e+001
 1.39946716815546e+001    7.88588588588589e+001
 1.49976492712741e+001    7.94594594594595e+001
 1.60006268609936e+001    8.01201201201201e+001
 1.70036044507131e+001    8.10210210210210e+001
 1.80065820404325e+001    8.16216216216216e+001
 1.89938881053126e+001    8.23423423423423e+001
 1.99968656950321e+001    8.31831831831832e+001
 2.09998432847516e+001    8.44444444444444e+001
 2.20028208744711e+001    8.45645645645646e+001
 2.30057984641906e+001    8.52852852852853e+001
 2.39931045290707e+001    8.63663663663664e+001
 2.49960821187902e+001    8.66066066066066e+001
 2.59990597085096e+001    8.74474474474474e+001
 2.70020372982291e+001    8.82882882882883e+001
 2.80050148879486e+001    8.88888888888889e+001
 2.89923209528287e+001    8.96696696696697e+001
 2.99952985425482e+001    9.01501501501502e+001
 3.09982761322677e+001    9.09909909909910e+001
 3.20012537219871e+001    9.15315315315315e+001
 3.30042313117066e+001    9.21921921921922e+001
 3.40072089014261e+001    9.30930930930931e+001
 3.49945149663062e+001    9.33333333333333e+001
 3.59974925560257e+001    9.45945945945946e+001
 3.70004701457452e+001    9.51351351351351e+001
 3.80034477354647e+001    9.58558558558559e+001
 3.90064253251841e+001    9.67567567567568e+001
 3.99937313900643e+001    9.73573573573574e+001
 4.09967089797837e+001    9.81381381381381e+001
 4.19996865695032e+001    9.88588588588589e+001
 4.30026641592227e+001    9.94594594594595e+001
 4.40056417489422e+001    1.00180180180180e+002
 4.49929478138223e+001    1.00960960960961e+002
 4.59959254035418e+001    1.01621621621622e+002
 4.69989029932612e+001    1.02282282282282e+002
 4.80018805829807e+001    1.03063063063063e+002
 4.90048581727002e+001    1.03783783783784e+002
 5.00078357624197e+001    1.04504504504505e+002
 5.09951418272998e+001    1.05285285285285e+002
 5.19981194170193e+001    1.05945945945946e+002
 5.30010970067388e+001    1.06186186186186e+002
 5.40040745964582e+001    1.07207207207207e+002
 5.50070521861777e+001    1.08228228228228e+002
 5.59943582510578e+001    1.08468468468468e+002
 5.69973358407773e+001    1.09129129129129e+002
 5.80003134304968e+001    1.09729729729730e+002
 5.90032910202163e+001    1.10270270270270e+002
 6.00062686099357e+001    1.10630630630631e+002
 6.09935746748159e+001    1.12252252252252e+002
 6.19965522645353e+001    1.11891891891892e+002
 6.29995298542548e+001    1.12312312312312e+002
 6.40025074439743e+001    1.12732732732733e+002
 6.50054850336938e+001    1.12972972972973e+002
 6.59927910985739e+001    1.13513513513514e+002
 6.69957686882934e+001    1.13813813813814e+002
 6.79987462780129e+001    1.14054054054054e+002
 6.90017238677323e+001    1.14354354354354e+002
 7.00047014574518e+001    1.14594594594595e+002
 7.10076790471713e+001    1.14894894894895e+002
 7.19949851120514e+001    1.15135135135135e+002
 7.29979627017709e+001    1.15495495495495e+002
 7.40009402914904e+001    1.15675675675676e+002
 7.50039178812098e+001    1.15915915915916e+002
 7.60068954709293e+001    1.16216216216216e+002
 7.69942015358094e+001    1.16516516516517e+002
 7.79971791255289e+001    1.16816816816817e+002
 7.90001567152484e+001    1.17297297297297e+002
 8.00031343049679e+001    1.17837837837838e+002
 8.10061118946874e+001    1.18378378378378e+002
 8.19934179595675e+001    1.18918918918919e+002
 8.29963955492869e+001    1.19519519519520e+002
 8.39993731390064e+001    1.20420420420420e+002
 8.50023507287259e+001    1.21081081081081e+002
 8.60053283184454e+001    1.21681681681682e+002
 8.69926343833255e+001    1.22462462462462e+002
 8.79956119730450e+001    1.23183183183183e+002
 8.89985895627645e+001    1.23783783783784e+002
 9.00015671524839e+001    1.24324324324324e+002
 9.10045447422034e+001    1.24864864864865e+002
 9.20075223319229e+001    1.25285285285285e+002
 9.29948283968030e+001    1.25525525525526e+002
 9.39978059865225e+001    1.25825825825826e+002
 9.50007835762420e+001    1.25945945945946e+002
 9.60037611659615e+001    1.25945945945946e+002
 9.70067387556809e+001    1.25945945945946e+002
 9.79940448205610e+001    1.25945945945946e+002
 9.89970224102805e+001    1.25945945945946e+002
 1.00000000000000e+002    1.25945945945946e+002
