 1.00297758971948e+000    4.67267267267267e+001
 2.00595517943896e+000    4.73273273273273e+001
 2.99326124431907e+000    4.76276276276276e+001
 3.99623883403855e+000    4.79279279279279e+001
 4.99921642375803e+000    4.85885885885886e+001
 6.00219401347751e+000    4.91291291291291e+001
 7.00517160319699e+000    4.97897897897898e+001
 7.99247766807710e+000    5.03303303303303e+001
 8.99545525779658e+000    5.08708708708709e+001
 9.99843284751606e+000    5.14714714714715e+001
 1.10014104372355e+001    5.18918918918919e+001
 1.20043880269550e+001    5.24924924924925e+001
 1.30073656166745e+001    5.30330330330330e+001
 1.39946716815546e+001    5.35135135135135e+001
 1.49976492712741e+001    5.41141141141141e+001
 1.60006268609936e+001    5.46546546546546e+001
 1.70036044507131e+001    5.54354354354354e+001
 1.80065820404325e+001    5.59759759759760e+001
 1.89938881053126e+001    5.69369369369369e+001
 1.99968656950321e+001    5.71171171171171e+001
 2.09998432847516e+001    5.81381381381381e+001
 2.20028208744711e+001    5.90990990990991e+001
 2.30057984641906e+001    6.00000000000000e+001
 2.39931045290707e+001    6.11411411411411e+001
 2.49960821187902e+001    6.15615615615616e+001
 2.59990597085096e+001    6.25825825825826e+001
 2.70020372982291e+001    6.37237237237237e+001
 2.80050148879486e+001    6.49249249249249e+001
 2.89923209528287e+001    6.57057057057057e+001
 2.99952985425482e+001    6.63663663663664e+001
 3.09982761322677e+001    6.75075075075075e+001
 3.20012537219871e+001    6.83483483483484e+001
 3.30042313117066e+001    6.94894894894895e+001
 3.40072089014261e+001    7.03303303303303e+001
 3.49945149663062e+001    7.11711711711712e+001
 3.59974925560257e+001    7.22522522522522e+001
 3.70004701457452e+001    7.36336336336336e+001
 3.80034477354647e+001    7.47747747747748e+001
 3.90064253251841e+001    7.63963963963964e+001
 3.99937313900643e+001    7.71171171171171e+001
 4.09967089797837e+001    7.87987987987988e+001
 4.19996865695032e+001    8.00600600600601e+001
 4.30026641592227e+001    8.13813813813814e+001
 4.40056417489422e+001    8.25225225225225e+001
 4.49929478138223e+001    8.45045045045045e+001
 4.59959254035418e+001    8.56456456456456e+001
 4.69989029932612e+001    8.71471471471472e+001
 4.80018805829807e+001    8.84684684684685e+001
 4.90048581727002e+001    9.00900900900901e+001
 5.00078357624197e+001    9.26126126126126e+001
 5.09951418272998e+001    9.42342342342342e+001
 5.19981194170193e+001    9.56756756756757e+001
 5.30010970067388e+001    9.71171171171171e+001
 5.40040745964582e+001    9.98798798798799e+001
 5.50070521861777e+001    1.01261261261261e+002
 5.59943582510578e+001    1.02522522522523e+002
 5.69973358407773e+001    1.05045045045045e+002
 5.80003134304968e+001    1.06306306306306e+002
 5.90032910202163e+001    1.09549549549550e+002
 6.00062686099357e+001    1.11111111111111e+002
 6.09935746748159e+001    1.11771771771772e+002
 6.19965522645353e+001    1.15315315315315e+002
 6.29995298542548e+001    1.17477477477477e+002
 6.40025074439743e+001    1.19459459459459e+002
 6.50054850336938e+001    1.21441441441441e+002
 6.59927910985739e+001    1.23783783783784e+002
 6.69957686882934e+001    1.26786786786787e+002
 6.79987462780129e+001    1.28528528528529e+002
 6.90017238677323e+001    1.30690690690691e+002
 7.00047014574518e+001    1.33633633633634e+002
 7.10076790471713e+001    1.35495495495496e+002
 7.19949851120514e+001    1.38498498498498e+002
 7.29979627017709e+001    1.41861861861862e+002
 7.40009402914904e+001    1.43663663663664e+002
 7.50039178812098e+001    1.45825825825826e+002
 7.60068954709293e+001    1.48588588588589e+002
 7.69942015358094e+001    1.51291291291291e+002
 7.79971791255289e+001    1.53513513513514e+002
 7.90001567152484e+001    1.56276276276276e+002
 8.00031343049679e+001    1.58258258258258e+002
 8.10061118946874e+001    1.60840840840841e+002
 8.19934179595675e+001    1.62042042042042e+002
 8.29963955492869e+001    1.64564564564565e+002
 8.39993731390064e+001    1.65825825825826e+002
 8.50023507287259e+001    1.67747747747748e+002
 8.60053283184454e+001    1.68708708708709e+002
 8.69926343833255e+001    1.69789789789790e+002
 8.79956119730450e+001    1.70630630630631e+002
 8.89985895627645e+001    1.71171171171171e+002
 9.00015671524839e+001    1.71711711711712e+002
 9.10045447422034e+001    1.72012012012012e+002
 9.20075223319229e+001    1.72012012012012e+002
 9.29948283968030e+001    1.71711711711712e+002
 9.39978059865225e+001    1.71411411411411e+002
 9.50007835762420e+001    1.70870870870871e+002
 9.60037611659615e+001    1.69669669669670e+002
 9.70067387556809e+001    1.69129129129129e+002
 9.79940448205610e+001    1.67867867867868e+002
 9.89970224102805e+001    1.66846846846847e+002
 9.99970224102805e+001    1.65646846846847e+002
